日期,开盘,最高,最低,收盘,成交量,持仓量,结算价
2015/09/01,1965,1976,1943,1959,805314,1381216,0
2015/09/02,1959,1961,1951,1960,286022,1375668,0
2015/09/07,1958,1967,1938,1951,605212,1357982,0
2015/09/08,1954,1967,1944,1966,487414,1323766,0
2015/09/09,1971,1972,1951,1952,458592,1352544,0
2015/09/10,1955,1963,1937,1956,694630,1336462,0
2015/09/11,1957,1965,1953,1954,258326,1285134,0
2015/09/14,1953,1954,1936,1941,357928,1303260,0
2015/09/15,1943,1947,1932,1936,322666,1303662,0
2015/09/16,1938,1953,1934,1944,371280,1236532,0
2015/09/17,1946,1946,1912,1925,664594,1315686,0
2015/09/18,1920,1923,1854,1855,1735408,1635634,0
2015/09/21,1877,1884,1858,1869,1833070,1717596,0
2015/09/22,1873,1875,1851,1854,738850,1776878,0
2015/09/23,1848,1861,1844,1859,943300,1836136,0
2015/09/24,1860,1866,1851,1856,542538,1875672,0
2015/09/25,1857,1876,1854,1860,632782,1812734,0
2015/09/28,1860,1862,1849,1853,425676,1801502,0
2015/09/29,1848,1848,1822,1830,742200,1905438,0
2015/09/30,1834,1838,1825,1826,616190,2016382,0
2015/10/08,1819,1835,1804,1826,875452,2091328,0
2015/10/09,1826,1842,1824,1826,722964,2153006,0
2015/10/12,1830,1831,1812,1818,829462,2239412,0
2015/10/13,1813,1816,1788,1797,1108666,2370948,0
2015/10/14,1798,1826,1798,1822,838758,2307794,0
2015/10/15,1818,1836,1818,1827,571842,2287928,0
2015/10/16,1826,1837,1818,1836,656734,2331816,0
2015/10/19,1831,1837,1820,1823,751620,2340612,0
2015/10/20,1821,1825,1811,1816,655506,2363836,0
2015/10/21,1820,1830,1817,1824,568988,2326654,0
2015/10/22,1824,1830,1815,1823,498402,2308404,0
2015/10/23,1815,1825,1813,1823,493280,2274514,0
2015/10/26,1822,1846,1821,1841,868856,2269746,0
2015/10/27,1843,1854,1835,1853,747648,2197622,0
2015/10/28,1850,1851,1836,1837,456922,2197800,0
2015/10/29,1838,1846,1826,1839,479408,2198028,0
2015/10/30,1842,1844,1828,1829,382320,2224584,0
2015/11/02,1832,1843,1832,1836,373670,2219246,0
2015/11/03,1834,1856,1834,1854,495466,2209930,0
2015/11/04,1853,1865,1851,1852,619422,2124782,0
2015/11/05,1852,1863,1850,1855,403812,2121322,0
2015/11/06,1852,1867,1841,1863,526508,2073114,0
2015/11/09,1872,1917,1872,1894,2557134,1764376,0
2015/11/10,1881,1881,1840,1848,1553144,2007770,0
2015/11/11,1843,1852,1839,1844,594324,2056496,0
2015/11/12,1844,1875,1836,1865,1683162,2140400,0
2015/11/13,1866,1875,1857,1862,847084,2070724,0
2015/11/16,1873,1884,1851,1852,1024016,2129538,0
2015/11/17,1856,1871,1841,1870,1074098,2164460,0
2015/11/18,1869,1876,1859,1868,711228,2110938,0
2015/11/19,1863,1867,1841,1854,1132410,2072982,0
2015/11/20,1859,1865,1825,1835,1690298,2084920,0
2015/11/23,1841,1856,1837,1846,1032332,2067400,0
2015/11/24,1851,1859,1844,1849,872584,1996348,0
2015/11/25,1852,1861,1835,1860,1064876,1959904,0
2015/11/26,1863,1878,1856,1863,698910,1881884,0
2015/11/27,1859,1891,1856,1887,934998,1840566,0
2015/11/30,1891,1901,1874,1883,958542,1962990,0
2015/12/01,1884,1888,1871,1875,558642,1950886,0
2015/12/02,1879,1885,1876,1880,495380,1926048,0
2015/12/03,1873,1893,1868,1886,538728,1948286,0
2015/12/04,1886,1889,1876,1878,688372,1914464,0
2015/12/07,1871,1875,1839,1851,1130628,1884396,0
2015/12/08,1846,1857,1841,1851,580984,1827208,0
2015/12/09,1853,1862,1848,1853,397876,1852250,0
2015/12/10,1850,1868,1839,1866,907588,1809950,0
2015/12/11,1864,1871,1858,1866,346252,1775160,0
2015/12/14,1867,1878,1863,1866,477938,1734370,0
2015/12/15,1869,1875,1866,1873,343574,1720738,0
2015/12/16,1870,1876,1865,1871,262088,1721554,0
2015/12/17,1871,1889,1869,1876,399378,1741382,0
2015/12/18,1874,1893,1874,1892,423376,1728644,0
2015/12/21,1893,1907,1889,1899,626804,1735556,0
2015/12/22,1898,1910,1874,1876,950922,1739550,0
2015/12/23,1869,1877,1862,1870,609844,1743410,0
2015/12/24,1866,1871,1861,1864,446110,1781868,0
2015/12/25,1862,1864,1848,1849,428270,1812980,0
2015/12/28,1826,1838,1790,1795,1588708,1892028,0
2015/12/29,1806,1823,1805,1815,625274,1806342,0
2015/12/30,1824,1853,1822,1832,717156,1774678,0
2015/12/31,1828,1839,1827,1836,310912,1737616,0
2016/01/04,1834,1838,1819,1829,438498,1755498,0
2016/01/05,1827,1847,1825,1845,484794,1722706,0
2016/01/06,1845,1857,1838,1855,659996,1766830,0
2016/01/07,1853,1860,1833,1834,799854,1823184,0
2016/01/08,1838,1838,1822,1823,479468,1843178,0
2016/01/11,1808,1819,1806,1811,496986,1843740,0
2016/01/12,1811,1817,1803,1812,464836,1864294,0
2016/01/13,1811,1814,1804,1808,249778,1864868,0
2016/01/14,1803,1811,1798,1799,425076,1888078,0
2016/01/15,1800,1807,1795,1805,304974,1907704,0
2016/01/18,1800,1817,1800,1808,809756,1873604,0
2016/01/19,1806,1808,1794,1797,521858,1830488,0
2016/01/20,1794,1804,1791,1797,485436,1800438,0
2016/01/21,1795,1798,1790,1794,277126,1787180,0
2016/01/22,1802,1806,1797,1799,340124,1772704,0
2016/01/25,1800,1803,1795,1800,210752,1801332,0
2016/01/26,1800,1806,1796,1801,392578,1804872,0
2016/01/27,1801,1810,1794,1808,501718,1843840,0
2016/01/28,1785,1794,1782,1788,712828,1931012,0
2016/01/29,1783,1787,1763,1764,654490,1989440,0
2016/02/01,1766,1770,1761,1765,263164,1987154,0
2016/02/02,1765,1769,1762,1767,216614,1994470,0
2016/02/03,1767,1776,1764,1774,264578,1957672,0
2016/02/04,1774,1783,1773,1781,357036,1873352,0
2016/02/05,1777,1777,1769,1770,219772,1865680,0
2016/02/15,1773,1780,1762,1779,271286,1873340,0
2016/02/16,1779,1789,1775,1776,359202,1922376,0
2016/02/17,1770,1774,1757,1761,545240,1902588,0
2016/02/18,1763,1771,1762,1766,410290,1898080,0
2016/02/19,1766,1773,1732,1732,655334,2056382,0
2016/02/22,1726,1726,1694,1695,1098952,2092940,0
2016/02/23,1696,1701,1680,1694,886636,2069834,0
2016/02/24,1689,1698,1653,1653,1272172,2088040,0
2016/02/25,1658,1662,1641,1645,888872,2053526,0
2016/02/26,1642,1650,1621,1621,1030446,2076106,0
2016/02/29,1613,1614,1573,1601,2059014,2160468,0
2016/03/01,1605,1643,1602,1640,1686512,2143122,0
2016/03/02,1639,1648,1629,1637,1103136,2096758,0
2016/03/03,1642,1651,1631,1647,903518,2050706,0
2016/03/04,1654,1658,1645,1656,603366,1996760,0
2016/03/07,1654,1655,1606,1610,1728662,2248910,0
2016/03/08,1611,1630,1602,1608,1338698,2165320,0
2016/03/09,1603,1613,1599,1604,1178998,2251396,0
2016/03/10,1604,1611,1572,1584,1716206,2394610,0
2016/03/11,1584,1605,1579,1600,1334728,2334694,0
2016/03/14,1602,1603,1581,1583,831978,2317286,0
2016/03/15,1587,1592,1581,1588,710476,2347304,0
2016/03/16,1587,1590,1575,1583,794126,2444614,0
2016/03/17,1586,1590,1576,1584,792960,2408262,0
2016/03/18,1590,1634,1586,1616,1832836,2124934,0
2016/03/21,1603,1631,1600,1628,1296774,2078142,0
2016/03/22,1634,1635,1613,1621,943234,2054768,0
2016/03/23,1619,1629,1596,1597,1650058,2284806,0
2016/03/24,1585,1608,1583,1600,1291678,2239248,0
2016/03/25,1595,1600,1587,1590,1173492,2323442,0
2016/03/28,1559,1571,1536,1541,1881998,2498870,0
2016/03/29,1523,1534,1511,1525,1878334,2492036,0
2016/03/30,1530,1535,1521,1528,826332,2458568,0
2016/03/31,1527,1528,1515,1518,797552,2461156,0
2016/04/01,1507,1517,1507,1511,831948,2469718,0
2016/04/05,1513,1526,1513,1515,595736,2442742,0
2016/04/06,1517,1524,1516,1519,386854,2450960,0
2016/04/07,1519,1521,1514,1518,328614,2458932,0
2016/04/08,1519,1520,1510,1514,380694,2453858,0
2016/04/11,1517,1525,1510,1518,842370,2504768,0
2016/04/12,1518,1528,1517,1527,610712,2477712,0
2016/04/13,1547,1552,1530,1539,1452792,2418920,0
2016/04/14,1545,1566,1545,1563,1309306,2432656,0
2016/04/15,1560,1561,1540,1544,1140074,2423852,0
2016/04/18,1551,1585,1549,1564,2272020,2419168,0
2016/04/19,1574,1580,1565,1573,1002864,2386206,0
2016/04/20,1592,1623,1588,1612,2616772,2036466,0
2016/04/21,1645,1661,1642,1659,2209530,2062048,0
2016/04/22,1625,1651,1600,1607,3417380,1873330,0
2016/04/25,1586,1608,1581,1595,1287210,1780202,0
2016/04/26,1613,1615,1592,1599,1113430,1723486,0
2016/04/27,1607,1608,1573,1573,1189012,1729894,0
2016/04/28,1573,1580,1554,1573,1135154,1660030,0
2016/04/29,1588,1590,1566,1567,728970,1678266,0
2016/05/03,1572,1594,1567,1592,932720,1692654,0
2016/05/04,1572,1583,1569,1581,699008,1641854,0
2016/05/05,1583,1583,1569,1569,548506,1599324,0
2016/05/06,1545,1565,1543,1558,709634,1512938,0
2016/05/09,1567,1570,1551,1557,745950,1465050,0
2016/05/10,1551,1561,1547,1554,485096,1443958,0
2016/05/11,1576,1601,1575,1596,1461946,1493300,0
2016/05/12,1588,1590,1576,1577,762002,1459000,0
2016/05/13,1572,1580,1564,1570,736092,1382302,0
2016/05/16,1575,1586,1566,1567,824562,1359464,0
2016/05/17,1573,1577,1568,1576,516714,1418486,0
2016/05/18,1593,1598,1550,1565,1455204,1403216,0
2016/05/19,1569,1577,1565,1576,622432,1417674,0
2016/05/20,1580,1584,1566,1573,457194,1425954,0
2016/05/23,1570,1582,1556,1559,923888,1371176,0
2016/05/24,1556,1565,1543,1557,847140,1302806,0
2016/05/25,1561,1562,1552,1555,372032,1287690,0
2016/05/26,1569,1575,1560,1574,531452,1297024,0
2016/05/27,1573,1602,1566,1589,1312472,1409866,0
2016/05/30,1596,1642,1594,1640,1746994,1571554,0
2016/05/31,1645,1658,1624,1633,1394544,1623258,0
2016/06/01,1629,1637,1621,1633,824992,1573118,0
2016/06/02,1651,1655,1628,1629,888420,1632096,0
2016/06/03,1636,1641,1623,1633,932056,1560736,0
2016/06/06,1645,1654,1641,1646,652386,1579346,0
2016/06/07,1651,1657,1635,1645,596384,1605076,0
2016/06/08,1642,1647,1633,1634,488830,1602464,0
2016/06/13,1653,1696,1645,1686,1797528,1750688,0
2016/06/14,1677,1690,1664,1686,1221138,1703888,0
2016/06/15,1697,1700,1610,1628,1987038,1709810,0
2016/06/16,1621,1626,1594,1595,1327956,1614088,0
2016/06/17,1601,1618,1594,1605,923956,1593906,0
2016/06/20,1613,1621,1598,1608,919580,1670760,0
2016/06/21,1601,1614,1598,1604,700308,1674546,0
2016/06/22,1581,1596,1581,1593,833150,1690682,0
2016/06/23,1596,1598,1569,1571,876292,1710166,0
2016/06/24,1572,1578,1554,1556,825450,1678928,0
2016/06/27,1565,1569,1555,1563,1059818,1832046,0
2016/06/28,1561,1590,1557,1580,1144994,1860310,0
2016/06/29,1585,1593,1567,1579,987138,1872452,0
2016/06/30,1578,1602,1575,1594,1008390,1890936,0
2016/07/01,1592,1593,1562,1563,1018744,1965038,0
2016/07/04,1571,1603,1565,1593,1927900,2057402,0
2016/07/05,1578,1585,1533,1548,1915912,2128784,0
2016/07/06,1532,1537,1519,1527,1351784,2158446,0
2016/07/07,1535,1541,1513,1519,1342862,2197150,0
2016/07/08,1517,1538,1514,1533,1296422,2020544,0
2016/07/11,1546,1547,1537,1541,719490,2035426,0
2016/07/12,1530,1537,1524,1534,740706,2052738,0
2016/07/13,1543,1553,1533,1535,1020668,2115388,0
2016/07/14,1539,1543,1530,1536,677798,2189300,0
2016/07/15,1523,1528,1520,1522,685774,2260122,0
2016/07/18,1507,1511,1486,1489,1292980,2317496,0
2016/07/19,1495,1495,1483,1487,909256,2393312,0
2016/07/20,1474,1499,1472,1497,971792,2366756,0
2016/07/21,1491,1499,1489,1495,674880,2380568,0
2016/07/22,1496,1496,1478,1483,627210,2387632,0
2016/07/25,1484,1494,1479,1485,604998,2431614,0
2016/07/26,1485,1492,1481,1490,383614,2425156,0
2016/07/27,1492,1492,1479,1481,509994,2466788,0
2016/07/28,1484,1484,1466,1467,655230,2554912,0
2016/07/29,1463,1469,1450,1453,709666,2538506,0
2016/08/01,1459,1463,1454,1458,619294,2556092,0
2016/08/02,1451,1468,1444,1460,954706,2584700,0
2016/08/03,1460,1465,1452,1460,609792,2609698,0
2016/08/04,1463,1477,1460,1477,808284,2574614,0
2016/08/05,1475,1486,1472,1475,648114,2562504,0
2016/08/08,1473,1474,1455,1456,792836,2648316,0
2016/08/09,1458,1464,1448,1449,839142,2702718,0
2016/08/10,1450,1462,1449,1459,697714,2698238,0
2016/08/11,1460,1465,1453,1455,479474,2705186,0
2016/08/12,1456,1464,1455,1462,383204,2657454,0
2016/08/15,1467,1484,1465,1482,922414,2655436,0
2016/08/16,1491,1496,1480,1483,962774,2649460,0
2016/08/17,1485,1494,1482,1491,535364,2617160,0
2016/08/18,1485,1500,1479,1481,911742,2694886,0
2016/08/19,1485,1487,1471,1473,675964,2731348,0
2016/08/22,1476,1484,1471,1472,576254,2710346,0
2016/08/23,1473,1479,1454,1461,815176,2777424,0
2016/08/24,1462,1463,1450,1453,548952,2813560,0
2016/08/25,1450,1464,1448,1458,779852,2831746,0
2016/08/26,1458,1461,1452,1453,464330,2859478,0
2016/08/29,1453,1478,1453,1472,1062026,2874502,0
2016/08/30,1475,1478,1465,1465,744008,2859938,0
2016/08/31,1458,1469,1453,1454,963322,2807242,0
2016/09/01,1457,1461,1451,1459,566424,2845312,0
2016/09/02,1465,1466,1456,1460,769582,2903068,0
2016/09/05,1465,1467,1429,1431,1615082,3072858,0
2016/09/06,1429,1436,1420,1434,949996,3123790,0
2016/09/07,1437,1444,1433,1439,685916,3090618,0
2016/09/08,1439,1445,1435,1442,722274,3110034,0
2016/09/09,1442,1447,1439,1441,421864,3081678,0
2016/09/12,1444,1445,1429,1435,637272,3044752,0
2016/09/13,1438,1463,1436,1457,1215054,2927016,0
2016/09/14,1447,1455,1445,1450,578546,2910962,0
2016/09/19,1452,1469,1447,1464,1419834,3053794,0
2016/09/20,1463,1467,1456,1463,751262,3062296,0
2016/09/21,1465,1466,1435,1436,1499590,3137124,0
2016/09/22,1437,1444,1427,1434,1123494,3168018,0
2016/09/23,1433,1438,1421,1423,993574,3229094,0
2016/09/26,1417,1432,1416,1420,1229828,3229776,0
2016/09/27,1421,1425,1407,1409,1139212,3229420,0
2016/09/28,1412,1414,1392,1396,1191638,3160874,0
2016/09/29,1399,1405,1386,1393,908222,3123938,0
2016/09/30,1392,1401,1385,1398,750982,3000206,0
2016/10/10,1411,1435,1406,1433,1374766,2838086,0
2016/10/11,1436,1437,1426,1429,632972,2844904,0
2016/10/12,1430,1439,1422,1432,678262,2871826,0
2016/10/13,1431,1438,1429,1436,699932,2803062,0
2016/10/14,1447,1451,1438,1447,1082040,2825430,0
2016/10/17,1457,1463,1440,1447,1200386,2837512,0
2016/10/18,1445,1459,1436,1458,1001754,2863328,0
2016/10/19,1462,1468,1452,1461,1083234,2896272,0
2016/10/20,1466,1494,1465,1483,1984326,2902142,0
2016/10/21,1470,1481,1467,1478,953262,2863462,0
2016/10/24,1482,1494,1480,1487,959534,2874654,0
2016/10/25,1486,1491,1461,1464,1220152,2854856,0
2016/10/26,1465,1497,1461,1496,1278394,2946402,0
2016/10/27,1506,1519,1494,1516,1904410,2974430,0
2016/10/28,1517,1521,1500,1510,1374884,2931158,0
2016/10/31,1503,1512,1497,1503,887710,2962486,0
2016/11/01,1504,1509,1495,1499,914300,2906626,0
2016/11/02,1490,1506,1481,1499,1344956,2851938,0
2016/11/03,1497,1514,1497,1508,864114,2837838,0
2016/11/04,1512,1523,1493,1496,1174376,2738976,0
2016/11/07,1506,1523,1502,1516,926236,2743126,0
2016/11/08,1518,1568,1511,1546,2428628,2651600,0
2016/11/09,1554,1562,1541,1553,1165732,2574560,0
2016/11/10,1549,1596,1547,1591,1978260,2466478,0
2016/11/11,1597,1623,1590,1615,1647646,2370958,0
2016/11/14,1572,1630,1571,1601,3204372,2118488,0
2016/11/15,1607,1625,1585,1589,1786764,2048980,0
2016/11/16,1606,1607,1570,1585,1495200,2050706,0
2016/11/17,1581,1586,1569,1576,840062,2060180,0
2016/11/18,1579,1587,1558,1561,1125948,2098052,0
2016/11/21,1567,1574,1560,1570,936498,2156446,0
2016/11/22,1583,1602,1581,1586,1362182,2207384,0
2016/11/23,1592,1593,1572,1574,1022724,2250700,0
2016/11/24,1578,1583,1553,1556,1354530,2325886,0
2016/11/25,1554,1555,1521,1531,1351942,2323224,0
2016/11/28,1537,1549,1534,1541,1105724,2394152,0
2016/11/29,1541,1569,1539,1558,1738060,2385142,0
2016/11/30,1547,1578,1547,1556,1888336,2364306,0
2016/12/01,1563,1580,1562,1573,1330908,2390914,0
2016/12/02,1574,1584,1563,1576,1284440,2341950,0
2016/12/05,1582,1592,1576,1586,1298100,2326418,0
2016/12/06,1592,1593,1569,1570,1182430,2351158,0
2016/12/07,1570,1583,1566,1574,974318,2378636,0
2016/12/08,1570,1571,1545,1547,1216828,2355328,0
2016/12/09,1539,1557,1538,1551,828168,2358726,0
2016/12/12,1534,1546,1531,1533,1464970,2510682,0
2016/12/13,1537,1543,1535,1540,712592,2513442,0
2016/12/14,1538,1545,1533,1533,688090,2469304,0
2016/12/15,1531,1559,1530,1550,1145954,2490132,0
2016/12/16,1549,1572,1546,1560,1260902,2571544,0
2016/12/19,1560,1568,1526,1527,1880312,2598726,0
2016/12/20,1525,1531,1506,1513,1782960,2463746,0
2016/12/21,1512,1521,1502,1508,1187726,2478522,0
2016/12/22,1509,1515,1492,1492,964416,2415282,0
2016/12/23,1496,1519,1489,1515,1278878,2281132,0
2016/12/26,1514,1536,1510,1530,1623696,2227346,0
2016/12/27,1534,1537,1524,1528,998426,2206884,0
2016/12/28,1542,1543,1520,1532,1161180,2280322,0
2016/12/29,1535,1549,1516,1521,1742738,2333918,0
2016/12/30,1524,1533,1512,1525,1005210,2342082,0
2017/01/03,1531,1537,1522,1527,1027342,2438980,0
2017/01/04,1530,1551,1528,1541,1752404,2594982,0
2017/01/05,1545,1548,1533,1534,939120,2622472,0
2017/01/06,1536,1544,1514,1523,1545146,2656074,0
2017/01/09,1522,1524,1509,1516,999512,2732472,0
2017/01/10,1518,1524,1512,1512,1064556,2829374,0
2017/01/11,1517,1524,1512,1517,1118526,2946668,0
2017/01/12,1517,1524,1509,1517,1277312,2950250,0
2017/01/13,1522,1535,1521,1523,1315568,2939920,0
2017/01/16,1529,1541,1526,1538,1283998,2987120,0
2017/01/17,1540,1549,1531,1534,1144198,2963604,0
2017/01/18,1541,1577,1536,1574,2387690,3293552,0
2017/01/19,1573,1588,1569,1573,2529828,3406712,0
2017/01/20,1576,1587,1565,1582,1631474,3410796,0
2017/01/23,1587,1594,1578,1590,1352034,3444840,0
2017/01/24,1590,1598,1576,1579,1646176,3325292,0
2017/01/25,1571,1576,1564,1574,957944,3197430,0
2017/01/26,1583,1583,1573,1578,404708,3143092,0
2017/02/03,1582,1595,1578,1593,956198,3241166,0
2017/02/06,1603,1652,1598,1620,4702794,4273070,0
2017/02/07,1621,1626,1608,1612,2713730,4658262,0
2017/02/08,1621,1632,1615,1626,2493834,4909612,0
2017/02/09,1632,1644,1621,1626,3111154,4935092,0
2017/02/10,1626,1636,1614,1629,2125806,4992656,0
2017/02/13,1638,1646,1626,1629,2397446,5083242,0
2017/02/14,1628,1633,1601,1602,2967412,5024622,0
2017/02/15,1598,1610,1590,1590,1793638,4972988,0
2017/02/16,1604,1613,1595,1602,2399170,4932558,0
2017/02/17,1599,1605,1583,1598,1967064,4793860,0
2017/02/20,1600,1616,1600,1615,1641212,4880540,0
2017/02/21,1618,1633,1616,1619,2640932,4670258,0
2017/02/22,1617,1632,1614,1631,1534952,4628636,0
2017/02/23,1632,1637,1609,1617,1945294,4585144,0
2017/02/24,1604,1629,1600,1628,1958932,4555072,0
2017/02/27,1634,1645,1631,1643,2351268,4603150,0
2017/02/28,1642,1654,1638,1645,2020158,4626602,0
2017/03/01,1653,1654,1632,1644,2081938,4687952,0
2017/03/02,1651,1659,1648,1651,1711370,4777864,0
2017/03/03,1643,1670,1643,1669,1823960,4780412,0
2017/03/06,1684,1696,1679,1688,3237584,4781048,0
2017/03/07,1687,1694,1679,1685,2012836,4641196,0
2017/03/08,1674,1682,1664,1670,2391994,4472062,0
2017/03/09,1668,1671,1650,1659,3094388,4346652,0
2017/03/10,1654,1658,1637,1639,2269652,4184684,0
2017/03/13,1633,1649,1631,1647,1494838,4147232,0
2017/03/14,1646,1655,1623,1624,2688764,4212868,0
2017/03/15,1632,1640,1627,1638,1693088,4252678,0
2017/03/16,1641,1647,1626,1637,1966450,4274952,0
2017/03/17,1639,1643,1631,1641,1321530,4237372,0
2017/03/20,1648,1668,1646,1666,2105258,4272482,0
2017/03/21,1661,1673,1659,1671,1727618,4336204,0
2017/03/22,1673,1697,1667,1696,2856750,4091830,0
2017/03/23,1696,1701,1674,1680,2117608,4006474,0
2017/03/24,1677,1700,1675,1693,2235072,4013122,0
2017/03/27,1707,1710,1680,1695,2392380,3779130,0
2017/03/28,1697,1711,1688,1706,1961946,3807854,0
2017/03/29,1702,1705,1659,1669,3295376,3709754,0
2017/03/30,1670,1673,1662,1667,1263192,3539676,0
2017/03/31,1671,1676,1659,1671,1303534,3430366,0
2017/04/05,1673,1682,1666,1681,1414514,3371242,0
2017/04/06,1679,1691,1656,1689,2684842,3219254,0
2017/04/07,1680,1691,1666,1670,2163824,2981422,0
2017/04/10,1673,1684,1662,1676,1402366,2933362,0
2017/04/11,1680,1687,1638,1640,3140458,2970706,0
2017/04/12,1634,1645,1630,1632,1396080,2834346,0
2017/04/13,1640,1643,1628,1640,1298812,2867568,0
2017/04/14,1643,1649,1638,1644,1081070,2800688,0
2017/04/17,1650,1651,1636,1643,1108600,2752934,0
2017/04/18,1641,1643,1629,1633,1211818,2705414,0
2017/04/19,1625,1629,1612,1622,1531690,2618418,0
2017/04/20,1626,1634,1624,1632,851948,2566818,0
2017/04/21,1631,1656,1627,1655,1337924,2461176,0
2017/04/24,1653,1657,1642,1648,1000932,2465326,0
2017/04/25,1648,1651,1635,1638,1008792,2450958,0
2017/04/26,1646,1652,1643,1644,755642,2418090,0
2017/04/27,1637,1640,1625,1632,1229700,2434554,0
2017/04/28,1634,1637,1629,1632,543636,2372048,0
2017/05/02,1637,1661,1632,1660,1516780,2273088,0
2017/05/03,1655,1656,1646,1648,691770,2217768,0
2017/05/04,1640,1661,1638,1650,1351510,2229382,0
2017/05/05,1647,1658,1643,1650,1156398,2237114,0
2017/05/08,1656,1664,1646,1652,1494356,2311026,0
2017/05/09,1647,1651,1632,1639,1248360,2330680,0
2017/05/10,1642,1646,1630,1637,871422,2237708,0
2017/05/11,1642,1656,1634,1656,956918,2161478,0
2017/05/12,1651,1656,1648,1656,711592,2181908,0
2017/05/15,1658,1671,1641,1642,1534956,2227872,0
2017/05/16,1641,1647,1640,1643,779986,2252634,0
2017/05/17,1646,1657,1644,1657,906444,2227758,0
2017/05/18,1654,1656,1647,1653,688318,2167314,0
2017/05/19,1654,1661,1652,1657,665802,2162362,0
2017/05/22,1658,1660,1627,1632,1600836,2282122,0
2017/05/23,1632,1640,1627,1629,700256,2280074,0
2017/05/24,1630,1642,1628,1636,1011340,2253838,0
2017/05/25,1637,1637,1629,1633,545104,2253026,0
2017/05/26,1634,1637,1627,1634,545294,2212124,0
2017/05/31,1633,1638,1619,1622,1070766,2195482,0
2017/06/01,1629,1644,1621,1640,1373822,2168210,0
2017/06/02,1637,1651,1634,1649,903372,2133116,0
2017/06/05,1649,1655,1645,1653,609370,2121062,0
2017/06/06,1652,1655,1644,1652,523102,2077806,0
2017/06/07,1654,1658,1649,1652,529308,2083364,0
2017/06/08,1656,1659,1647,1653,800680,2075222,0
2017/06/09,1654,1692,1652,1690,1898018,2324608,0
2017/06/12,1689,1709,1682,1708,1279992,2431008,0
2017/06/13,1698,1705,1688,1691,1075512,2383888,0
2017/06/14,1693,1705,1691,1704,739260,2426518,0
2017/06/15,1696,1708,1693,1701,720356,2425618,0
2017/06/16,1701,1711,1692,1694,864194,2409720,0
2017/06/19,1693,1701,1679,1680,1081460,2362196,0
2017/06/20,1679,1684,1674,1683,690152,2311198,0
2017/06/21,1681,1689,1680,1686,483964,2314224,0
2017/06/22,1684,1687,1678,1680,405862,2258416,0
2017/06/23,1680,1695,1670,1691,906566,2229266,0
2017/06/26,1696,1717,1695,1706,1330048,2226222,0
2017/06/27,1705,1714,1703,1713,675622,2191824,0
2017/06/28,1710,1726,1700,1702,1231260,2159310,0
2017/06/29,1706,1709,1699,1702,633962,2136352,0
2017/06/30,1703,1709,1698,1700,774718,2080754,0
2017/07/03,1712,1714,1697,1703,893868,2153048,0
2017/07/04,1704,1707,1690,1695,728962,2157490,0
2017/07/05,1698,1703,1695,1698,488764,2170950,0
2017/07/06,1701,1703,1685,1689,695520,2168438,0
2017/07/07,1692,1696,1681,1695,882168,2230130,0
2017/07/10,1704,1711,1689,1689,945408,2222836,0
2017/07/11,1695,1698,1689,1694,647844,2281716,0
2017/07/12,1699,1706,1695,1699,671584,2292476,0
2017/07/13,1693,1695,1680,1683,874230,2299790,0
2017/07/14,1677,1686,1676,1683,733578,2219202,0
2017/07/17,1683,1704,1674,1701,1199876,2158946,0
2017/07/18,1703,1708,1694,1700,886018,2151636,0
2017/07/19,1695,1702,1688,1690,664852,2153136,0
2017/07/20,1694,1704,1693,1698,676988,2200932,0
2017/07/21,1700,1704,1687,1690,941954,2177234,0
2017/07/24,1679,1684,1678,1678,675970,2090818,0
2017/07/25,1683,1685,1674,1680,644172,2057702,0
2017/07/26,1675,1680,1666,1668,702842,1971620,0
2017/07/27,1673,1675,1667,1670,624450,1939330,0
2017/07/28,1670,1683,1667,1677,854638,1898478,0
2017/07/31,1675,1676,1662,1665,789266,1951786,0
2017/08/01,1666,1673,1664,1666,559102,1928712,0
2017/08/02,1664,1668,1655,1666,759528,1907614,0
2017/08/03,1668,1673,1664,1667,452150,1874834,0
2017/08/04,1666,1676,1665,1674,416102,1847660,0
2017/08/07,1676,1678,1655,1672,579314,1808624,0
2017/08/08,1674,1680,1674,1679,452642,1772828,0
2017/08/09,1686,1714,1683,1710,1369160,1726088,0
2017/08/10,1711,1719,1707,1715,815258,1723506,0
2017/08/11,1706,1725,1705,1723,934240,1679390,0
2017/08/14,1727,1728,1716,1719,685762,1663598,0
2017/08/15,1720,1737,1717,1719,977226,1646882,0
2017/08/16,1719,1726,1717,1723,436994,1640310,0
2017/08/17,1728,1742,1724,1737,983336,1710022,0
2017/08/18,1737,1740,1728,1730,452478,1692340,0
2017/08/21,1728,1739,1723,1728,662494,1647498,0
2017/08/22,1730,1743,1720,1739,625156,1695612,0
2017/08/23,1739,1746,1730,1730,701708,1653734,0
2017/08/24,1731,1732,1724,1729,408982,1629146,0
2017/08/25,1731,1733,1719,1723,515982,1594902,0
2017/08/28,1724,1727,1719,1723,382100,1610942,0
2017/08/29,1722,1727,1702,1706,840646,1557328,0
2017/08/30,1705,1706,1696,1698,485440,1550244,0
2017/08/31,1699,1702,1691,1693,500840,1493530,0
2017/09/01,1699,1702,1695,1696,522208,1503312,0
2017/09/04,1698,1722,1696,1719,846540,1423224,0
2017/09/05,1718,1721,1713,1720,343980,1455208,0
2017/09/06,1721,1731,1718,1721,496984,1481720,0
2017/09/07,1724,1732,1722,1725,359062,1459552,0
2017/09/08,1726,1729,1692,1694,973814,1413144,0
2017/09/11,1692,1700,1690,1695,474846,1390626,0
2017/09/12,1696,1699,1690,1698,399520,1400030,0
2017/09/13,1698,1702,1686,1699,635036,1361156,0
2017/09/14,1705,1727,1704,1711,1182986,1407166,0
2017/09/15,1710,1713,1700,1700,534464,1340516,0
2017/09/18,1702,1705,1696,1701,360090,1327334,0
2017/09/19,1701,1710,1700,1705,401446,1335292,0
2017/09/20,1705,1717,1702,1704,560250,1304324,0
2017/09/21,1707,1718,1704,1716,609634,1331010,0
2017/09/22,1717,1733,1712,1723,1130330,1361824,0
2017/09/25,1722,1725,1714,1720,469150,1376230,0
2017/09/26,1724,1739,1722,1731,857484,1468678,0
2017/09/27,1729,1732,1719,1722,623760,1423364,0
2017/09/28,1717,1722,1702,1704,870572,1241636,0
2017/09/29,1706,1707,1698,1704,405816,1172644,0
2017/10/09,1688,1693,1677,1679,936222,1235938,0
2017/10/10,1681,1688,1680,1683,483250,1315150,0
2017/10/11,1688,1692,1682,1684,421108,1300118,0
2017/10/12,1687,1690,1684,1687,376732,1289290,0
2017/10/13,1695,1698,1689,1691,406534,1269198,0
2017/10/16,1694,1697,1685,1692,487376,1286950,0
2017/10/17,1690,1695,1688,1692,333160,1287166,0
2017/10/18,1693,1695,1687,1689,296608,1329898,0
2017/10/19,1680,1689,1679,1686,543236,1319132,0
2017/10/20,1685,1686,1680,1682,285948,1370824,0
2017/10/23,1679,1681,1674,1676,438932,1408414,0
2017/10/24,1677,1686,1675,1679,611010,1430432,0
2017/10/25,1682,1694,1681,1689,516740,1344474,0
2017/10/26,1687,1690,1684,1687,305856,1358846,0
2017/10/27,1684,1688,1679,1679,452662,1337194,0
2017/10/30,1668,1675,1667,1671,565794,1419644,0
2017/10/31,1669,1674,1668,1672,290650,1441200,0
2017/11/01,1666,1685,1664,1677,715678,1376362,0
2017/11/02,1681,1683,1679,1682,292388,1372952,0
2017/11/03,1684,1690,1682,1689,383036,1372042,0
2017/11/06,1695,1695,1687,1691,507244,1328182,0
2017/11/07,1691,1700,1688,1698,594706,1279428,0
2017/11/08,1699,1705,1691,1701,757828,1252810,0
2017/11/09,1701,1702,1692,1700,494804,1247604,0
2017/11/10,1698,1703,1691,1702,811324,1222286,0
2017/11/13,1700,1706,1699,1705,393370,1251096,0
2017/11/14,1702,1721,1701,1711,992046,1270172,0
2017/11/15,1707,1716,1704,1712,553064,1249752,0
2017/11/16,1714,1714,1705,1707,354370,1293886,0
2017/11/17,1708,1709,1695,1696,556138,1223604,0
2017/11/20,1701,1713,1700,1710,488122,1189016,0
2017/11/21,1712,1716,1707,1713,401594,1218718,0
2017/11/22,1714,1721,1712,1720,362116,1263766,0
2017/11/23,1724,1729,1723,1725,439740,1254598,0
2017/11/24,1725,1732,1717,1721,498974,1230570,0
2017/11/27,1727,1730,1720,1725,388246,1227294,0
2017/11/28,1728,1731,1724,1730,276724,1219848,0
2017/11/29,1732,1745,1732,1741,517522,1240392,0
2017/11/30,1745,1747,1735,1739,470042,1196750,0
2017/12/01,1737,1738,1729,1736,690792,1174514,0
2017/12/04,1744,1752,1741,1750,619166,1233366,0
2017/12/05,1749,1759,1748,1756,674110,1242790,0
2017/12/06,1760,1767,1756,1765,669408,1306170,0
2017/12/07,1764,1766,1750,1752,918478,1204234,0
2017/12/08,1754,1758,1752,1757,305808,1220710,0
2017/12/11,1761,1764,1751,1755,492930,1219148,0
2017/12/12,1756,1759,1752,1755,315260,1211242,0
2017/12/13,1755,1766,1754,1765,355400,1261674,0
2017/12/14,1767,1775,1765,1773,420548,1297956,0
2017/12/15,1774,1782,1771,1780,437450,1334852,0
2017/12/18,1789,1811,1788,1809,933178,1439124,0
2017/12/19,1812,1818,1801,1804,589364,1367636,0
2017/12/20,1807,1813,1805,1807,458006,1381764,0
2017/12/21,1814,1826,1812,1826,649276,1420512,0
2017/12/22,1824,1824,1811,1815,572038,1414096,0
2017/12/25,1811,1811,1795,1800,822488,1404790,0
2017/12/26,1797,1807,1796,1801,470678,1360536,0
2017/12/27,1810,1815,1805,1808,471468,1383060,0
2017/12/28,1813,1815,1801,1807,376314,1332822,0
2017/12/29,1803,1810,1803,1809,240168,1294084,0
2018/01/02,1813,1826,1808,1822,416054,1296388,0
2018/01/03,1833,1848,1833,1845,604682,1359168,0
2018/01/04,1842,1843,1831,1840,395160,1352286,0
2018/01/05,1842,1852,1842,1845,421024,1382830,0
2018/01/08,1842,1844,1819,1820,728622,1422702,0
2018/01/09,1820,1822,1812,1820,575530,1335468,0
2018/01/10,1820,1826,1817,1823,343662,1380728,0
2018/01/11,1825,1826,1811,1816,423032,1370842,0
2018/01/12,1817,1822,1809,1821,369250,1373748,0
2018/01/15,1824,1836,1818,1819,652340,1432168,0
2018/01/16,1820,1821,1814,1816,375890,1392028,0
2018/01/17,1812,1817,1810,1811,354866,1409618,0
2018/01/18,1804,1812,1801,1805,528986,1367546,0
2018/01/19,1803,1805,1795,1797,440596,1351638,0
2018/01/22,1798,1801,1791,1793,440826,1326848,0
2018/01/23,1796,1797,1777,1777,556318,1350318,0
2018/01/24,1781,1787,1780,1783,363336,1291872,0
2018/01/25,1788,1791,1782,1783,357174,1296774,0
2018/01/26,1783,1792,1780,1791,320486,1253956,0
2018/01/29,1791,1793,1787,1789,296012,1245092,0
2018/01/30,1788,1793,1785,1787,239218,1232142,0
2018/01/31,1788,1791,1780,1783,343118,1220936,0
2018/02/01,1785,1800,1784,1799,641138,1263638,0
2018/02/02,1797,1803,1795,1798,366760,1232500,0
2018/02/05,1813,1815,1806,1810,604922,1324454,0
2018/02/06,1809,1811,1802,1808,420304,1276182,0
2018/02/07,1814,1819,1809,1814,519576,1287590,0
2018/02/08,1816,1818,1810,1814,353328,1259070,0
2018/02/09,1818,1819,1806,1811,471590,1289232,0
2018/02/12,1808,1812,1802,1804,425398,1274818,0
2018/02/13,1803,1804,1786,1788,588446,1213066,0
2018/02/14,1786,1801,1785,1800,290032,1216748,0
2018/02/22,1802,1808,1798,1805,441648,1258262,0
2018/02/23,1806,1806,1796,1799,545884,1313454,0
2018/02/26,1805,1820,1802,1813,845264,1483758,0
2018/02/27,1812,1813,1808,1810,411760,1478730,0
2018/02/28,1812,1816,1807,1813,367670,1528938,0
2018/03/01,1816,1821,1807,1808,770750,1540814,0
2018/03/02,1809,1830,1808,1816,1072566,1657750,0
2018/03/05,1823,1840,1822,1838,1232706,1718448,0
2018/03/06,1841,1848,1839,1843,727658,1836170,0
2018/03/07,1840,1843,1819,1822,887222,1816406,0
2018/03/08,1813,1817,1800,1810,1019102,1831616,0
2018/03/09,1814,1814,1799,1799,823384,1841864,0
2018/03/12,1793,1799,1790,1791,771360,1813532,0
2018/03/13,1791,1796,1789,1794,670944,1816704,0
2018/03/14,1793,1796,1789,1789,682050,1820544,0
2018/03/15,1785,1789,1781,1782,814044,1853508,0
2018/03/16,1787,1793,1786,1791,725796,1875786,0
2018/03/19,1795,1795,1782,1785,647758,1837628,0
2018/03/20,1784,1785,1774,1777,934964,1841268,0
2018/03/21,1779,1780,1773,1773,556408,1895140,0
2018/03/22,1770,1772,1761,1763,1012808,1887648,0
2018/03/23,1760,1769,1758,1764,863850,1847026,0
2018/03/26,1765,1772,1759,1768,1121218,1857622,0
2018/03/27,1766,1768,1752,1754,778652,1844902,0
2018/03/28,1753,1761,1751,1757,584598,1806092,0
2018/03/29,1755,1759,1750,1752,394650,1808906,0
2018/03/30,1755,1759,1751,1752,476792,1822896,0
2018/04/02,1749,1761,1746,1757,1594880,1808046,0
2018/04/03,1756,1761,1752,1753,902674,1777650,0
2018/04/04,1757,1766,1756,1766,1148302,1827484,0
2018/04/09,1767,1776,1758,1762,1240846,1782878,0
2018/04/10,1760,1760,1751,1752,1163200,1716818,0
2018/04/11,1753,1757,1750,1753,1093192,1709650,0
2018/04/12,1747,1752,1744,1745,1012450,1659764,0
2018/04/13,1745,1753,1742,1749,586562,1645004,0
2018/04/16,1747,1748,1743,1744,526694,1637420,0
2018/04/17,1743,1746,1739,1743,562806,1623408,0
2018/04/18,1743,1748,1741,1741,366012,1634910,0
2018/04/19,1742,1744,1737,1742,629710,1635152,0
2018/04/20,1744,1753,1743,1747,578720,1612458,0
2018/04/23,1747,1754,1745,1746,412966,1594684,0
2018/04/24,1746,1749,1742,1742,261008,1572916,0
2018/04/25,1743,1745,1738,1741,314252,1552418,0
2018/04/26,1740,1740,1729,1731,455354,1529514,0
2018/04/27,1729,1737,1728,1735,362254,1447068,0
2018/05/02,1734,1743,1732,1740,546176,1329062,0
2018/05/03,1740,1745,1736,1744,451468,1276480,0
2018/05/04,1744,1751,1741,1748,412868,1257176,0
2018/05/07,1748,1753,1743,1750,380618,1260686,0
2018/05/08,1749,1754,1746,1753,297152,1234394,0
2018/05/09,1754,1758,1753,1755,248294,1253138,0
2018/05/10,1757,1763,1755,1759,311740,1242682,0
2018/05/11,1760,1761,1755,1760,203784,1235282,0
2018/05/14,1763,1779,1763,1771,549940,1241726,0
2018/05/15,1773,1775,1766,1775,305450,1244582,0
2018/05/16,1776,1779,1773,1779,293418,1263998,0
2018/05/17,1780,1784,1775,1778,321142,1275226,0
2018/05/18,1779,1784,1764,1783,542186,1250734,0
2018/05/21,1781,1797,1774,1796,643030,1322426,0
2018/05/22,1794,1796,1785,1787,328206,1328130,0
2018/05/23,1783,1792,1776,1781,439788,1297262,0
2018/05/24,1787,1813,1784,1804,810384,1416874,0
2018/05/25,1795,1803,1794,1798,329888,1401084,0
2018/05/28,1802,1810,1795,1802,397734,1425484,0
2018/05/29,1803,1812,1799,1809,428274,1469634,0
2018/05/30,1806,1814,1800,1801,465726,1453028,0
2018/05/31,1799,1809,1795,1798,430816,1444050,0
2018/06/01,1799,1804,1788,1790,717520,1418648,0
2018/06/04,1790,1799,1787,1794,415508,1456148,0
2018/06/05,1792,1794,1782,1787,609020,1344248,0
2018/06/06,1788,1791,1787,1788,324372,1336322,0
2018/06/07,1787,1795,1786,1794,366192,1330928,0
2018/06/08,1791,1796,1779,1779,562380,1209846,0
2018/06/11,1781,1783,1776,1779,280236,1192906,0
2018/06/12,1778,1782,1777,1778,261528,1196552,0
2018/06/13,1779,1786,1778,1782,317066,1209324,0
2018/06/14,1782,1791,1780,1790,394188,1241416,0
2018/06/15,1791,1797,1786,1787,355056,1276692,0
2018/06/19,1799,1801,1780,1788,614426,1204418,0
2018/06/20,1788,1797,1788,1797,267874,1217276,0
2018/06/21,1798,1800,1792,1793,290004,1207352,0
2018/06/22,1796,1796,1789,1794,241284,1188900,0
2018/06/25,1793,1802,1791,1800,355096,1216418,0
2018/06/26,1803,1810,1797,1806,376504,1236360,0
2018/06/27,1808,1818,1807,1817,425260,1218570,0
2018/06/28,1818,1819,1806,1815,387432,1226864,0
2018/06/29,1817,1825,1815,1825,363148,1252506,0
2018/07/02,1824,1829,1821,1823,321428,1251602,0
2018/07/03,1823,1827,1816,1825,270122,1247066,0
2018/07/04,1824,1828,1820,1824,390452,1236930,0
2018/07/05,1822,1824,1815,1820,363806,1228820,0
2018/07/06,1821,1824,1815,1823,381852,1207730,0
2018/07/09,1827,1833,1823,1828,478272,1251476,0
2018/07/10,1827,1829,1820,1822,310342,1238924,0
2018/07/11,1824,1828,1822,1824,290826,1229512,0
2018/07/12,1824,1827,1819,1823,334192,1244134,0
2018/07/13,1823,1831,1821,1828,314380,1257186,0
2018/07/16,1832,1856,1829,1844,987048,1340650,0
2018/07/17,1846,1849,1841,1844,328758,1322728,0
2018/07/18,1845,1847,1841,1844,224958,1329108,0
2018/07/19,1848,1849,1842,1844,217822,1318574,0
2018/07/20,1847,1848,1841,1843,317294,1320160,0
2018/07/23,1845,1846,1815,1825,607684,1268524,0
2018/07/24,1828,1831,1826,1831,335544,1270790,0
2018/07/25,1831,1832,1826,1826,254902,1252094,0
2018/07/26,1825,1829,1823,1828,208072,1235696,0
2018/07/27,1825,1826,1821,1822,273708,1208638,0
2018/07/30,1821,1835,1819,1834,328948,1203978,0
2018/07/31,1834,1846,1833,1845,400872,1179408,0
2018/08/01,1845,1848,1842,1848,281594,1165886,0
2018/08/02,1850,1852,1844,1845,311742,1157718,0
2018/08/03,1847,1850,1838,1841,304082,1141132,0
2018/08/06,1844,1869,1843,1867,811638,1214914,0
2018/08/07,1870,1871,1862,1865,446154,1216948,0
2018/08/08,1866,1893,1863,1885,888116,1333744,0
2018/08/09,1883,1896,1871,1874,723610,1344436,0
2018/08/10,1879,1885,1872,1875,480098,1335730,0
2018/08/13,1872,1904,1871,1893,849524,1404786,0
2018/08/14,1899,1900,1888,1893,489036,1388396,0
2018/08/15,1894,1901,1889,1894,425964,1384324,0
2018/08/16,1886,1893,1884,1885,573882,1265564,0
2018/08/17,1880,1881,1866,1869,706128,1208628,0
2018/08/20,1873,1884,1869,1877,403844,1210742,0
2018/08/21,1876,1882,1873,1875,312122,1207600,0
2018/08/22,1875,1890,1874,1889,469318,1224362,0
2018/08/23,1895,1906,1886,1886,1081612,1241720,0
2018/08/24,1888,1890,1883,1885,342580,1228568,0
2018/08/27,1891,1899,1884,1891,459762,1245348,0
2018/08/28,1894,1898,1888,1896,422558,1266312,0
2018/08/29,1896,1898,1886,1886,344344,1278754,0
2018/08/30,1888,1897,1887,1895,337450,1259976,0
2018/08/31,1895,1916,1894,1915,956770,1441770,0
2018/09/03,1917,1940,1911,1940,949642,1629050,0
2018/09/04,1941,1954,1931,1935,1192462,1676570,0
2018/09/05,1937,1941,1930,1937,493892,1686628,0
2018/09/06,1939,1950,1929,1935,786110,1677742,0
2018/09/07,1936,1940,1932,1936,432520,1649388,0
2018/09/10,1941,1954,1939,1948,791680,1707782,0
2018/09/11,1950,1953,1938,1943,498322,1681220,0
2018/09/12,1945,1946,1933,1935,773008,1548946,0
2018/09/13,1917,1928,1915,1917,859850,1410804,0
2018/09/14,1915,1922,1913,1916,396780,1386246,0
2018/09/17,1918,1922,1916,1919,375588,1351968,0
2018/09/18,1921,1929,1917,1921,462110,1338254,0
2018/09/19,1921,1925,1916,1925,253450,1348366,0
2018/09/20,1926,1931,1925,1931,340808,1361586,0
2018/09/21,1936,1938,1922,1924,567910,1411328,0
2018/09/25,1918,1922,1903,1906,736422,1338618,0
2018/09/26,1909,1914,1901,1902,415390,1341398,0
2018/09/27,1901,1903,1892,1896,472712,1273572,0
2018/09/28,1895,1899,1890,1892,354128,1259312,0
2018/10/08,1896,1912,1892,1910,723670,1347912,0
2018/10/09,1909,1915,1905,1908,502692,1402112,0
2018/10/10,1907,1908,1884,1891,777600,1446318,0
2018/10/11,1888,1913,1885,1913,763830,1463388,0
2018/10/12,1913,1915,1907,1913,476472,1491328,0
2018/10/15,1918,1918,1898,1903,572644,1509742,0
2018/10/16,1905,1908,1901,1904,356670,1530742,0
2018/10/17,1906,1908,1900,1908,264502,1532822,0
2018/10/18,1910,1920,1908,1917,592102,1511208,0
2018/10/19,1917,1932,1914,1924,710372,1555592,0
2018/10/22,1930,1939,1929,1938,641394,1571972,0
2018/10/23,1938,1945,1933,1933,482166,1587788,0
2018/10/24,1933,1939,1929,1938,366094,1587072,0
2018/10/25,1939,1946,1937,1944,504422,1591138,0
2018/10/26,1946,1950,1935,1943,521000,1587596,0
2018/10/29,1947,1952,1939,1952,514848,1667876,0
2018/10/30,1952,1972,1952,1970,696778,1747670,0
2018/10/31,1964,1965,1947,1954,659650,1673160,0
2018/11/01,1953,1958,1949,1953,383310,1660758,0
2018/11/02,1935,1947,1934,1941,825490,1587744,0
2018/11/05,1945,1953,1944,1950,450954,1621418,0
2018/11/06,1953,1954,1946,1952,385046,1593914,0
2018/11/07,1956,1966,1953,1954,632494,1617882,0
2018/11/08,1960,1962,1952,1960,440880,1603802,0
2018/11/09,1963,1976,1961,1975,599144,1673516,0
2018/11/12,1984,1994,1976,1982,1061420,1757278,0
2018/11/13,1982,1982,1957,1965,778402,1759612,0
2018/11/14,1965,1965,1951,1957,640850,1719198,0
2018/11/15,1956,1964,1937,1938,788682,1786668,0
2018/11/16,1943,1952,1941,1947,471828,1795180,0
2018/11/19,1949,1960,1943,1956,564394,1808102,0
2018/11/20,1959,1961,1939,1944,726158,1792286,0
2018/11/21,1935,1953,1934,1948,854280,1778386,0
2018/11/22,1949,1951,1929,1935,789548,1799562,0
2018/11/23,1939,1944,1935,1939,527454,1737874,0
2018/11/26,1947,1949,1942,1945,616368,1713006,0
2018/11/27,1944,1956,1942,1956,748884,1598502,0
2018/11/28,1953,1964,1945,1963,696272,1621588,0
2018/11/29,1968,1968,1951,1952,645652,1623282,0
2018/11/30,1952,1955,1942,1949,708284,1643756,0
2018/12/03,1933,1938,1894,1909,1657342,1609582,0
2018/12/04,1906,1908,1876,1880,1256226,1603854,0
2018/12/05,1884,1895,1873,1886,893476,1595880,0
2018/12/06,1887,1897,1882,1892,664414,1580912,0
2018/12/07,1888,1890,1865,1867,919486,1614818,0
2018/12/10,1868,1877,1866,1870,545742,1639636,0
2018/12/11,1873,1881,1867,1877,523826,1642832,0
2018/12/12,1881,1882,1873,1878,411060,1644160,0
2018/12/13,1877,1882,1873,1881,298784,1621800,0
2018/12/14,1881,1883,1865,1880,628280,1625314,0
2018/12/17,1873,1875,1865,1869,455590,1630760,0
2018/12/18,1865,1869,1856,1858,563496,1676536,0
2018/12/19,1858,1881,1856,1876,660698,1627520,0
2018/12/20,1874,1879,1872,1875,371480,1603152,0
2018/12/21,1874,1876,1867,1869,341276,1577086,0
2018/12/24,1859,1860,1837,1837,673226,1635338,0
2018/12/25,1839,1858,1838,1853,631604,1595540,0
2018/12/26,1855,1865,1851,1860,531198,1587446,0
2018/12/27,1864,1864,1852,1856,421030,1582210,0
2018/12/28,1863,1874,1860,1872,515296,1562082,0
2019/01/02,1862,1867,1860,1866,321252,1516384,0
2019/01/03,1867,1876,1865,1875,362298,1488618,0
2019/01/04,1873,1875,1865,1869,376816,1490722,0
2019/01/07,1870,1873,1855,1860,537274,1516812,0
2019/01/08,1857,1858,1842,1846,507968,1589900,0
2019/01/09,1845,1853,1844,1852,317648,1572904,0
2019/01/10,1848,1851,1841,1844,351862,1587180,0
2019/01/11,1844,1845,1832,1834,481006,1625322,0
2019/01/14,1821,1823,1812,1819,664642,1675214,0
2019/01/15,1819,1822,1814,1818,338434,1689738,0
2019/01/16,1814,1839,1811,1834,719750,1653332,0
2019/01/17,1832,1834,1821,1827,442184,1686242,0
2019/01/18,1830,1834,1825,1831,405972,1695822,0
2019/01/21,1839,1845,1836,1841,586368,1685710,0
2019/01/22,1841,1852,1841,1849,607156,1680184,0
2019/01/23,1848,1854,1842,1846,452864,1654876,0
2019/01/24,1844,1846,1837,1844,401750,1645594,0
2019/01/25,1849,1879,1848,1870,1010818,1590930,0
2019/01/28,1865,1867,1858,1861,316440,1530108,0
2019/01/29,1863,1866,1860,1865,270176,1513190,0
2019/01/30,1867,1875,1866,1872,289788,1479084,0
2019/01/31,1872,1875,1860,1871,388096,1440782,0
2019/02/01,1873,1882,1870,1880,310914,1398434,0
2019/02/11,1878,1878,1867,1874,309580,1399458,0
2019/02/12,1874,1879,1868,1870,370868,1421382,0
2019/02/13,1867,1868,1857,1857,374426,1445364,0
2019/02/14,1856,1857,1841,1841,527752,1494640,0
2019/02/15,1837,1847,1836,1844,410964,1501788,0
2019/02/18,1833,1833,1821,1825,675196,1512466,0
2019/02/19,1824,1838,1823,1833,595200,1523026,0
2019/02/20,1827,1829,1817,1817,523294,1577138,0
2019/02/21,1817,1828,1817,1819,418794,1601988,0
2019/02/22,1817,1825,1817,1821,426760,1589414,0
2019/02/25,1798,1803,1792,1796,914312,1614994,0
2019/02/26,1797,1815,1796,1803,895018,1662910,0
2019/02/27,1807,1812,1802,1806,556190,1711326,0
2019/02/28,1809,1830,1807,1828,983160,1764464,0
2019/03/01,1830,1835,1823,1827,652350,1729598,0
2019/03/04,1834,1841,1820,1821,574228,1740500,0
2019/03/05,1823,1833,1822,1832,493442,1783716,0
2019/03/06,1827,1828,1819,1827,536580,1795678,0
2019/03/07,1828,1860,1820,1843,1018862,1773016,0
2019/03/08,1842,1849,1838,1843,629134,1779076,0
2019/03/11,1846,1856,1837,1854,663816,1806108,0
2019/03/12,1856,1862,1852,1861,680150,1830876,0
2019/03/13,1865,1866,1843,1846,885262,1870990,0
2019/03/14,1849,1857,1847,1855,545684,1934030,0
2019/03/15,1858,1866,1856,1862,651678,1938606,0
2019/03/18,1864,1876,1859,1874,595018,1980822,0
2019/03/19,1872,1875,1865,1869,580118,2042648,0
2019/03/20,1865,1867,1846,1849,929632,2097466,0
2019/03/21,1846,1851,1841,1844,663288,2180378,0
2019/03/22,1835,1838,1828,1833,868728,2239922,0
2019/03/25,1825,1839,1825,1832,586746,2288844,0
2019/03/26,1830,1841,1829,1840,611504,2292886,0
2019/03/27,1838,1844,1833,1834,755594,2288392,0
2019/03/28,1831,1835,1823,1826,627668,2280402,0
2019/03/29,1827,1841,1827,1838,514622,2298066,0
2019/04/01,1838,1841,1829,1838,761316,2344048,0
2019/04/02,1837,1848,1836,1846,755976,2370178,0
2019/04/03,1848,1854,1837,1851,1018890,2423332,0
2019/04/04,1857,1880,1856,1878,1785850,2401870,0
2019/04/08,1873,1880,1866,1869,901928,2324074,0
2019/04/09,1870,1875,1853,1860,1161814,2260958,0
2019/04/10,1860,1873,1858,1867,794218,2271296,0
2019/04/11,1868,1876,1866,1873,726228,2229496,0
2019/04/12,1874,1886,1867,1886,1023914,2328098,0
2019/04/15,1886,1903,1880,1898,1554510,2330718,0
2019/04/16,1899,1902,1892,1901,703520,2315382,0
2019/04/17,1903,1906,1896,1897,616990,2300504,0
2019/04/18,1896,1896,1872,1890,1052118,2187660,0
2019/04/19,1892,1903,1892,1900,822106,2255542,0
2019/04/22,1900,1918,1898,1915,1167684,2311250,0
2019/04/23,1915,1917,1907,1914,617944,2327788,0
2019/04/24,1915,1917,1909,1911,632692,2302438,0
2019/04/25,1911,1914,1905,1910,659154,2305554,0
2019/04/26,1911,1912,1896,1898,935542,2163898,0
2019/04/29,1901,1915,1901,1912,671702,2129386,0
2019/04/30,1911,1914,1904,1911,558270,2041354,0
2019/05/06,1926,1930,1917,1920,664302,1967348,0
2019/05/07,1918,1926,1916,1925,542816,1977052,0
2019/05/08,1925,1926,1913,1919,707158,1978270,0
2019/05/09,1922,1933,1919,1927,914928,1983842,0
2019/05/10,1928,1929,1920,1924,722574,1932910,0
2019/05/13,1924,1948,1924,1947,1013280,1966590,0
2019/05/14,1945,1951,1939,1948,824624,1869524,0
2019/05/15,1947,1962,1944,1961,837768,1921834,0
2019/05/16,1966,1988,1962,1982,1473578,1989808,0
2019/05/17,1983,2001,1976,2000,1079340,2009660,0
2019/05/20,1999,2028,1994,2014,1680988,2035338,0
2019/05/21,2010,2019,1996,2003,1207642,1984280,0
2019/05/22,2004,2011,1986,1992,1239998,1924038,0
2019/05/23,1997,2004,1987,1988,1459460,1884016,0
2019/05/24,1990,1998,1984,1993,924230,1778986,0
2019/05/27,1996,2028,1996,2019,1708218,1822118,0
2019/05/28,2014,2020,2006,2009,1248266,1841662,0
2019/05/29,2011,2035,2002,2022,2001200,1862234,0
2019/05/30,2020,2033,1997,2002,1792808,1772746,0
2019/05/31,2006,2010,1985,1991,1593612,1660490,0
2019/06/03,1984,1994,1977,1987,1492746,1669836,0
2019/06/04,1987,2009,1986,2000,1489492,1830708,0
2019/06/05,1997,1998,1983,1990,968272,1805066,0
2019/06/06,1987,1993,1976,1980,1010982,1791708,0
2019/06/10,1981,2001,1981,1992,832006,1840932,0
2019/06/11,1992,2000,1985,1988,851472,1878296,0
2019/06/12,1989,1994,1979,1983,818994,1916922,0
2019/06/13,1986,1996,1984,1990,825340,1921874,0
2019/06/14,1991,1994,1974,1974,1072710,1988912,0
2019/06/17,1976,1983,1965,1982,992180,2032430,0
2019/06/18,1980,1984,1974,1976,719324,2051582,0
2019/06/19,1974,1977,1961,1966,946808,1981924,0
2019/06/20,1966,1970,1958,1960,584724,1924120,0
2019/06/21,1960,1982,1959,1975,1133972,1985302,0
2019/06/24,1973,1980,1969,1977,688458,2028078,0
2019/06/25,1976,1982,1969,1974,605316,2044670,0
2019/06/26,1972,1977,1964,1965,638030,2036072,0
2019/06/27,1964,1968,1962,1966,441654,2041596,0
2019/06/28,1962,1980,1961,1973,1011552,2139316,0
2019/07/01,1972,1973,1954,1961,1083040,2014136,0
2019/07/02,1963,1963,1953,1958,576750,1973194,0
2019/07/03,1959,1968,1958,1966,562628,1930220,0
2019/07/04,1965,1973,1963,1963,638980,1928254,0
2019/07/05,1964,1967,1961,1964,494768,1948116,0
2019/07/08,1964,1972,1961,1963,555478,1953398,0
2019/07/09,1961,1965,1947,1950,852016,1979078,0
2019/07/10,1951,1953,1940,1941,769568,1941734,0
2019/07/11,1944,1949,1938,1943,593642,1947652,0
2019/07/12,1944,1949,1939,1949,553570,1953612,0
2019/07/15,1947,1962,1945,1961,788856,1961304,0
2019/07/16,1955,1959,1952,1959,464258,1943006,0
2019/07/17,1957,1961,1953,1956,391918,1928912,0
2019/07/18,1958,1965,1956,1964,590696,1915408,0
2019/07/19,1962,1969,1951,1951,914874,1921656,0
2019/07/22,1949,1949,1941,1942,804572,1972962,0
2019/07/23,1944,1950,1941,1949,450736,1924148,0
2019/07/24,1948,1957,1946,1957,547850,1898806,0
2019/07/25,1960,1960,1953,1958,399130,1895362,0
2019/07/26,1955,1957,1951,1956,346010,1911300,0
2019/07/29,1957,1966,1956,1964,623394,1938714,0
2019/07/30,1961,1965,1955,1956,433726,1951144,0
2019/07/31,1958,1961,1955,1961,443262,1939256,0
2019/08/01,1962,1967,1962,1966,623796,1941286,0
2019/08/02,1965,1971,1957,1961,962462,1855714,0
2019/08/05,1960,1965,1957,1961,612646,1820772,0
2019/08/06,1959,1961,1954,1958,654852,1781150,0
2019/08/07,1960,1963,1952,1953,729806,1826736,0
2019/08/08,1949,1951,1923,1925,1415342,1885898,0
2019/08/09,1927,1927,1908,1921,1394856,1778778,0
2019/08/12,1921,1929,1912,1916,740188,1787378,0
2019/08/13,1917,1918,1896,1908,1055064,1761558,0
2019/08/14,1908,1914,1898,1912,825546,1768458,0
2019/08/15,1913,1919,1909,1911,471504,1749202,0
2019/08/16,1910,1914,1905,1906,483766,1756020,0
2019/08/19,1905,1908,1880,1884,1103620,1768694,0
2019/08/20,1887,1889,1882,1885,490460,1741566,0
2019/08/21,1886,1910,1879,1901,1202532,1801034,0
2019/08/22,1903,1909,1899,1906,658892,1847118,0
2019/08/23,1907,1919,1906,1917,763768,1875568,0
2019/08/26,1915,1919,1909,1916,609644,1845892,0
2019/08/27,1915,1915,1890,1899,822216,1798284,0
2019/08/28,1897,1899,1888,1895,656300,1796684,0
2019/08/29,1895,1898,1884,1884,420214,1817704,0
2019/08/30,1881,1887,1864,1872,1019518,1822158,0
2019/09/02,1875,1881,1865,1873,802962,1789258,0
2019/09/03,1874,1881,1872,1878,499220,1812750,0
2019/09/04,1877,1885,1861,1884,1083682,1817756,0
2019/09/05,1883,1890,1877,1879,778706,1849914,0
2019/09/06,1883,1892,1878,1889,841372,1791986,0
2019/09/09,1890,1893,1885,1889,709070,1806940,0
2019/09/10,1888,1891,1876,1884,660300,1817322,0
2019/09/11,1886,1887,1877,1879,445910,1822008,0
2019/09/12,1878,1881,1865,1877,810468,1747094,0
2019/09/16,1875,1887,1872,1876,527894,1775650,0
2019/09/17,1876,1877,1866,1874,742324,1848718,0
2019/09/18,1875,1883,1870,1880,696582,1872016,0
2019/09/19,1881,1889,1871,1872,867136,1863014,0
2019/09/20,1871,1874,1860,1862,913778,1905144,0
2019/09/23,1863,1874,1862,1867,852230,1906600,0
2019/09/24,1868,1873,1866,1867,657784,1850256,0
2019/09/25,1867,1870,1863,1864,493338,1788658,0
2019/09/26,1865,1867,1849,1859,1083462,1798338,0
2019/09/27,1858,1861,1848,1852,603024,1714242,0
2019/09/30,1852,1854,1831,1843,784600,1699274,0
2019/10/08,1843,1850,1832,1844,695040,1853690,0
2019/10/09,1843,1855,1841,1854,884552,2080578,0
2019/10/10,1852,1866,1851,1862,996230,2148592,0
2019/10/11,1860,1873,1857,1872,844964,2211574,0
2019/10/14,1873,1875,1857,1861,979800,2177418,0
2019/10/15,1863,1870,1861,1865,739780,2150640,0
2019/10/16,1865,1879,1863,1871,949100,2158092,0
2019/10/17,1872,1879,1868,1873,624220,2125688,0
2019/10/18,1875,1885,1874,1883,885712,2207258,0
2019/10/21,1886,1886,1872,1874,700396,2207376,0
2019/10/22,1876,1883,1874,1881,705900,2257178,0
2019/10/23,1881,1882,1861,1864,1020234,2208684,0
2019/10/24,1863,1865,1854,1857,923926,2258650,0
2019/10/25,1856,1862,1855,1858,601196,2277440,0
2019/10/28,1858,1878,1853,1876,1203668,2340350,0
2019/10/29,1878,1894,1876,1894,1158598,2453190,0
2019/10/30,1894,1899,1886,1899,1046110,2532024,0
2019/10/31,1901,1923,1897,1904,2608728,2648626,0
2019/11/01,1907,1916,1899,1915,1477016,2673414,0
2019/11/04,1920,1923,1905,1908,1577632,2675250,0
2019/11/05,1908,1913,1899,1907,1362050,2664540,0
2019/11/06,1905,1905,1889,1889,1525468,2688226,0
2019/11/07,1892,1899,1880,1883,1320886,2718966,0
2019/11/08,1883,1902,1882,1901,1442360,2863262,0
2019/11/11,1901,1903,1884,1892,1582038,2863002,0
2019/11/12,1893,1894,1874,1876,1335698,2790122,0
2019/11/13,1877,1881,1874,1877,707842,2800628,0
2019/11/14,1879,1887,1877,1878,909414,2825858,0
2019/11/15,1879,1883,1869,1877,1067812,2759826,0
2019/11/18,1880,1899,1879,1896,1327828,2826292,0
2019/11/19,1899,1902,1890,1892,909356,2824530,0
2019/11/20,1893,1895,1882,1884,761112,2824686,0
2019/11/21,1886,1896,1884,1892,970154,2788480,0
2019/11/22,1892,1895,1883,1887,865626,2750428,0
2019/11/25,1886,1890,1881,1883,1104128,2728752,0
2019/11/26,1884,1885,1875,1881,816768,2704806,0
2019/11/27,1879,1882,1875,1877,714846,2702500,0
2019/11/28,1878,1880,1862,1863,1386194,2675744,0
2019/11/29,1861,1871,1854,1871,1208644,2652346,0
2019/12/02,1870,1871,1858,1865,883920,2594866,0
2019/12/03,1866,1872,1861,1872,1012096,2529348,0
2019/12/04,1871,1874,1862,1871,1019448,2512978,0
2019/12/05,1871,1872,1860,1870,801730,2499988,0
2019/12/06,1869,1886,1868,1882,1206046,2432080,0
2019/12/09,1882,1882,1872,1874,825932,2423762,0
2019/12/10,1875,1886,1873,1884,885046,2397184,0
2019/12/11,1883,1887,1881,1883,566338,2381980,0
2019/12/12,1883,1887,1878,1887,576358,2357996,0
2019/12/13,1889,1892,1874,1879,1363304,2273632,0
2019/12/16,1879,1885,1877,1880,796846,2301350,0
2019/12/17,1880,1884,1875,1876,654308,2297036,0
2019/12/18,1877,1883,1875,1880,531314,2270420,0
2019/12/19,1880,1881,1871,1874,732056,2253918,0
2019/12/20,1874,1879,1867,1877,801078,2239130,0
2019/12/23,1876,1888,1874,1888,828230,2200776,0
2019/12/24,1889,1896,1885,1893,691356,2210830,0
2019/12/25,1893,1904,1888,1899,792116,2294798,0
2019/12/26,1898,1908,1898,1907,751190,2380980,0
2019/12/27,1912,1914,1904,1906,735344,2370648,0
2019/12/30,1905,1912,1902,1908,560608,2361372,0
2019/12/31,1908,1910,1902,1904,617480,2362444,0
2020/01/02,1905,1913,1904,1911,235159,1206575,0
2020/01/03,1914,1919,1910,1915,305683,1219657,0
2020/01/06,1911,1913,1907,1910,244076,1194271,0
2020/01/07,1912,1924,1911,1922,413367,1248696,0
2020/01/08,1923,1926,1914,1916,352184,1235404,0
2020/01/09,1915,1921,1911,1919,285388,1228935,0
2020/01/10,1915,1918,1906,1910,420868,1205209,0
2020/01/13,1910,1919,1907,1918,329466,1193084,0
2020/01/14,1922,1927,1917,1918,357873,1188300,0
2020/01/15,1919,1925,1918,1922,265558,1189053,0
2020/01/16,1923,1945,1921,1945,589313,1247049,0
2020/01/17,1944,1949,1939,1947,327474,1241015,0
2020/01/20,1949,1949,1937,1944,371645,1203748,0
2020/01/21,1941,1942,1929,1930,355670,1124521,0
2020/01/22,1931,1934,1915,1929,554068,989641,0
2020/01/23,1929,1931,1917,1918,303754,937309,0
2020/02/03,1927,1944,1920,1933,573379,874078,0
2020/02/04,1934,1954,1934,1951,650044,878849,0
2020/02/05,1935,1940,1922,1931,644793,834869,0
2020/02/06,1932,1944,1928,1944,425380,872743,0
2020/02/07,1945,1956,1945,1950,483262,921803,0
2020/02/10,1946,1951,1933,1937,472506,879662,0
2020/02/11,1936,1940,1932,1933,372603,879122,0
2020/02/12,1933,1941,1932,1935,310142,901909,0
2020/02/13,1936,1940,1934,1938,217519,896004,0
2020/02/14,1936,1938,1928,1933,374796,874822,0
2020/02/17,1932,1944,1929,1944,438474,928683,0
2020/02/18,1941,1941,1923,1924,525874,920780,0
2020/02/19,1923,1929,1919,1926,378693,953096,0
2020/02/20,1925,1928,1919,1921,280138,973765,0
2020/02/21,1921,1930,1918,1929,264160,990437,0
2020/02/24,1928,1934,1927,1930,284531,976531,0
2020/02/25,1930,1937,1927,1933,294604,976691,0
2020/02/26,1934,1936,1930,1932,156558,991538,0
2020/02/27,1932,1945,1931,1945,315964,1021834,0
2020/02/28,1942,1951,1936,1938,566952,985941,0
2020/03/02,1943,1962,1943,1960,592411,1015728,0
2020/03/03,1960,1967,1958,1959,394063,1015929,0
2020/03/04,1961,1964,1955,1957,279877,1008308,0
2020/03/05,1958,1963,1957,1962,205058,1025267,0
2020/03/06,1960,1962,1954,1959,503258,991737,0
2020/03/09,1955,1960,1948,1956,457749,948620,0
2020/03/10,1955,1982,1954,1976,900891,1043394,0
2020/03/11,1973,1997,1973,1994,931487,1154972,0
2020/03/12,1994,1999,1974,1987,960910,1111195,0
2020/03/13,1983,1993,1980,1988,522533,1101289,0
2020/03/16,1986,1996,1978,1980,589409,1083408,0
2020/03/17,1977,1982,1972,1976,443198,1004438,0
2020/03/18,1975,1984,1967,1968,578209,954474,0
2020/03/19,1969,1972,1963,1967,452299,913879,0
2020/03/20,1970,1983,1970,1982,430261,931106,0
2020/03/23,1984,2002,1983,1999,714697,1009034,0
2020/03/24,1999,2000,1989,1995,401791,977437,0
2020/03/25,1996,2012,1995,2009,568453,1066199,0
2020/03/26,2007,2016,2002,2002,503487,1064429,0
2020/03/27,2005,2019,2005,2018,462373,1133885,0
2020/03/30,2028,2048,2027,2033,854755,1194465,0
2020/03/31,2034,2038,2025,2035,421107,1168053,0
2020/04/01,2035,2043,2020,2025,629826,1140109,0
2020/04/02,2025,2037,2013,2021,700430,1115667,0
2020/04/03,2024,2028,2017,2022,392895,1106121,0
2020/04/07,2027,2027,2019,2020,353103,1111447,0
2020/04/08,2022,2036,2018,2036,406495,1164636,0
2020/04/09,2036,2041,2032,2034,348286,1168917,0
2020/04/10,2034,2036,2028,2034,323335,1154495,0
2020/04/13,2035,2041,2032,2037,343271,1150135,0
2020/04/14,2037,2048,2035,2043,428592,1145723,0
2020/04/15,2043,2066,2043,2064,592129,1212248,0
2020/04/16,2064,2072,2058,2060,462057,1170269,0
2020/04/17,2061,2064,2052,2060,339579,1182866,0
2020/04/20,2063,2077,2055,2056,672342,1184432,0
2020/04/21,2057,2062,2048,2059,456391,1136699,0
2020/04/22,2061,2068,2056,2066,390569,1137091,0
2020/04/23,2064,2076,2063,2076,364842,1182428,0
2020/04/24,2076,2085,2074,2077,371614,1188149,0
2020/04/27,2086,2107,2086,2096,613171,1224287,0
2020/04/28,2097,2106,2090,2094,463583,1207167,0
2020/04/29,2098,2100,2090,2093,274034,1176582,0
2020/04/30,2090,2091,2066,2072,660714,1084513,0
2020/05/06,2086,2093,2082,2086,345786,1088734,0
2020/05/07,2089,2090,2071,2073,474722,1083409,0
2020/05/08,2075,2076,2057,2063,621103,1081807,0
2020/05/11,2064,2069,2048,2048,542561,1051140,0
2020/05/12,2053,2056,2043,2049,371484,1035359,0
2020/05/13,2051,2063,2046,2052,414704,1009472,0
2020/05/14,2055,2058,2047,2048,351224,1005006,0
2020/05/15,2047,2057,2031,2032,599694,951221,0
2020/05/18,2033,2055,2033,2053,551088,965634,0
2020/05/19,2052,2053,2044,2048,289713,974651,0
2020/05/20,2040,2042,2020,2039,720219,981226,0
2020/05/21,2038,2051,2027,2027,534616,975313,0
2020/05/22,2025,2035,2023,2030,373890,982245,0
2020/05/25,2029,2052,2028,2049,478211,993461,0
2020/05/26,2047,2057,2042,2052,328053,999777,0
2020/05/27,2054,2063,2050,2062,353321,990558,0
2020/05/28,2059,2076,2058,2072,514251,1021429,0
2020/05/29,2078,2091,2074,2088,523419,1009563,0
2020/06/01,2088,2093,2073,2080,533934,982686,0
2020/06/02,2085,2085,2075,2078,294377,1000585,0
2020/06/03,2077,2085,2073,2077,368806,988194,0
2020/06/04,2077,2082,2066,2075,400893,971969,0
2020/06/05,2077,2089,2070,2087,390687,1010226,0
2020/06/08,2087,2088,2071,2077,432675,990428,0
2020/06/09,2079,2093,2074,2091,481633,1017325,0
2020/06/10,2090,2101,2087,2100,458868,1070217,0
2020/06/11,2100,2112,2098,2109,500771,1088254,0
2020/06/12,2111,2116,2099,2109,511432,1068816,0
2020/06/15,2111,2134,2110,2129,763102,1121177,0
2020/06/16,2129,2129,2123,2128,349644,1115947,0
2020/06/17,2136,2138,2119,2137,530055,1125381,0
2020/06/18,2135,2154,2132,2134,848396,1139114,0
2020/06/19,2132,2134,2112,2126,679983,1129546,0
2020/06/22,2120,2122,2102,2103,763137,1158025,0
2020/06/23,2100,2117,2090,2100,841059,1109746,0
2020/06/24,2099,2105,2092,2097,469627,1133298,0
2020/06/29,2104,2127,2094,2124,750195,1191955,0
2020/06/30,2111,2115,2092,2097,684832,1174625,0
2020/07/01,2099,2109,2096,2104,414628,1175990,0
2020/07/02,2101,2111,2086,2109,606628,1138312,0
2020/07/03,2113,2123,2110,2115,637082,1153959,0
2020/07/06,2117,2127,2112,2125,421710,1171347,0
2020/07/07,2126,2131,2121,2124,445089,1174507,0
2020/07/08,2124,2128,2120,2124,285047,1172133,0
2020/07/09,2125,2153,2125,2150,667733,1218405,0
2020/07/10,2149,2161,2141,2151,596065,1224584,0
2020/07/13,2148,2156,2143,2150,578249,1226192,0
2020/07/14,2149,2161,2129,2143,758033,1202908,0
2020/07/15,2145,2149,2130,2146,894722,1231005,0
2020/07/16,2146,2160,2142,2152,764334,1256496,0
2020/07/17,2151,2159,2149,2158,396916,1281184,0
2020/07/20,2158,2179,2158,2171,1071640,1331045,0
2020/07/21,2168,2174,2157,2165,688590,1299338,0
2020/07/22,2167,2178,2159,2170,706234,1311436,0
2020/07/23,2175,2216,2173,2210,1260104,1400283,0
2020/07/24,2214,2236,2209,2236,1089667,1449738,0
2020/07/27,2234,2308,2233,2293,1660916,1452089,0
2020/07/28,2293,2295,2236,2248,1566919,1473505,0
2020/07/29,2255,2279,2246,2277,1043607,1502383,0
2020/07/30,2275,2287,2256,2279,1430078,1552741,0
2020/07/31,2287,2307,2264,2273,1429313,1561402,0
2020/08/03,2271,2285,2246,2274,1148243,1575819,0
2020/08/04,2281,2286,2267,2276,722498,1581853,0
2020/08/05,2272,2279,2263,2264,678379,1558312,0
2020/08/06,2265,2289,2259,2265,844127,1582907,0
2020/08/07,2255,2260,2233,2234,863868,1528626,0
2020/08/10,2235,2247,2221,2228,801905,1510976,0
2020/08/11,2230,2241,2226,2239,554360,1514060,0
2020/08/12,2237,2247,2225,2232,732906,1507003,0
2020/08/13,2230,2244,2229,2236,552233,1511562,0
2020/08/14,2235,2305,2235,2302,1712197,1660189,0
2020/08/17,2297,2318,2282,2306,1335881,1673367,0
2020/08/18,2310,2328,2294,2298,1142562,1668978,0
2020/08/19,2297,2315,2296,2308,677424,1658332,0
2020/08/20,2310,2326,2294,2318,1070472,1706915,0
2020/08/21,2323,2325,2293,2308,765719,1665817,0
2020/08/24,2308,2311,2268,2274,938438,1687430,0
2020/08/25,2277,2290,2274,2283,562946,1696790,0
2020/08/26,2283,2306,2282,2306,824081,1723820,0
2020/08/27,2303,2309,2264,2266,1157776,1736668,0
2020/08/28,2267,2280,2261,2275,721455,1711279,0
2020/08/31,2271,2278,2263,2270,619111,1702282,0
2020/09/01,2271,2288,2270,2281,697687,1715511,0
2020/09/02,2277,2303,2277,2299,953166,1740570,0
2020/09/03,2296,2298,2280,2286,786923,1685967,0
2020/09/04,2297,2312,2289,2308,1185527,1722069,0
2020/09/07,2318,2363,2306,2361,1705447,1863506,0
2020/09/08,2357,2365,2338,2350,1011375,1863251,0
2020/09/09,2346,2358,2336,2349,830812,1883631,0
2020/09/10,2354,2382,2347,2380,1334078,1963715,0
2020/09/11,2376,2412,2372,2408,1149631,2028203,0
2020/09/14,2408,2459,2408,2430,1570857,2016980,0
2020/09/15,2432,2442,2402,2413,1125327,1981725,0
2020/09/16,2413,2429,2404,2422,1002821,2015201,0
2020/09/17,2426,2458,2424,2437,1222707,2085462,0
2020/09/18,2433,2499,2430,2494,1612190,2246119,0
2020/09/21,2492,2505,2479,2485,1295100,2241683,0
2020/09/22,2482,2507,2464,2479,1633810,2237183,0
2020/09/23,2482,2495,2420,2431,2122338,2082740,0
2020/09/24,2433,2456,2422,2449,1117477,2071698,0
2020/09/25,2444,2450,2428,2440,749883,2054747,0
2020/09/28,2441,2491,2433,2477,1226741,2058397,0
2020/09/29,2475,2481,2466,2475,598086,2056845,0
2020/09/30,2470,2483,2453,2483,852993,2049563,0
2020/10/09,2514,2561,2513,2549,962161,2128033,0
2020/10/12,2540,2591,2524,2583,1449557,2153519,0
2020/10/13,2578,2582,2557,2574,971459,2173824,0
2020/10/14,2575,2604,2567,2570,1673411,2156447,0
2020/10/15,2571,2575,2522,2553,1596260,2163200,0
2020/10/16,2547,2588,2540,2587,1260959,2218778,0
2020/10/19,2587,2626,2584,2591,2058103,2177259,0
2020/10/20,2594,2609,2582,2588,1175052,2204537,0
2020/10/21,2588,2596,2562,2582,1331349,2217778,0
2020/10/22,2583,2586,2561,2573,860529,2194813,0
2020/10/23,2574,2581,2567,2571,795904,2157748,0
2020/10/26,2574,2597,2572,2581,1285621,2153768,0
2020/10/27,2580,2594,2575,2588,881370,2131273,0
2020/10/28,2591,2605,2581,2599,1072075,2170716,0
2020/10/29,2584,2606,2580,2602,1164113,2161588,0
2020/10/30,2595,2619,2585,2614,1148611,2168644,0
2020/11/02,2616,2618,2550,2555,1859290,1996029,0
2020/11/03,2563,2564,2539,2544,1096989,1977250,0
2020/11/04,2550,2555,2543,2550,667942,1970324,0
2020/11/05,2548,2568,2546,2563,916375,1945073,0
2020/11/06,2569,2578,2548,2554,900148,1920525,0
2020/11/09,2547,2556,2509,2537,1514188,1883850,0
2020/11/10,2543,2547,2526,2533,667242,1888855,0
2020/11/11,2532,2566,2532,2566,906752,1867681,0
2020/11/12,2563,2581,2556,2573,718577,1863554,0
2020/11/13,2571,2586,2567,2580,726542,1840429,0
2020/11/16,2582,2625,2579,2607,1136636,1873403,0
2020/11/17,2606,2619,2597,2617,856813,1872485,0
2020/11/18,2618,2621,2604,2611,763029,1884544,0
2020/11/19,2612,2638,2607,2631,779790,1901016,0
2020/11/20,2624,2634,2613,2625,807178,1883052,0
2020/11/23,2631,2653,2627,2647,1193919,1895725,0
2020/11/24,2644,2648,2611,2614,995869,1849492,0
2020/11/25,2615,2636,2595,2621,1131375,1863058,0
2020/11/26,2626,2646,2620,2641,723788,1875474,0
2020/11/27,2643,2643,2625,2631,808345,1850929,0
2020/11/30,2633,2664,2621,2659,1098814,1831951,0
2020/12/01,2659,2670,2648,2661,889668,1836416,0
2020/12/02,2664,2667,2635,2638,884493,1764406,0
2020/12/03,2638,2651,2629,2635,652890,1745486,0
2020/12/04,2621,2640,2609,2637,849861,1717179,0
2020/12/07,2624,2632,2599,2607,957417,1725483,0
2020/12/08,2609,2617,2578,2580,887475,1725422,0
2020/12/09,2583,2605,2581,2599,684217,1694907,0
2020/12/10,2600,2609,2587,2600,676568,1645605,0
2020/12/11,2595,2600,2573,2593,940233,1613355,0
2020/12/14,2593,2599,2562,2571,864834,1563745,0
2020/12/15,2570,2572,2552,2564,676367,1561402,0
2020/12/16,2562,2600,2560,2598,717465,1539861,0
2020/12/17,2595,2609,2594,2607,664547,1540989,0
2020/12/18,2606,2617,2597,2610,613009,1530697,0
2020/12/21,2606,2640,2605,2637,829104,1498540,0
2020/12/22,2626,2643,2625,2640,776157,1512642,0
2020/12/23,2634,2674,2633,2667,1012050,1549409,0
2020/12/24,2663,2670,2658,2661,616614,1533911,0
2020/12/25,2659,2679,2648,2673,1024987,1564131,0
2020/12/28,2677,2712,2667,2703,1314168,1577955,0
2020/12/29,2704,2705,2683,2694,811989,1530110,0
2020/12/30,2697,2727,2689,2726,893927,1562713,0
2020/12/31,2722,2743,2719,2738,890644,1556234,0
2021/01/04,2750,2772,2737,2743,786372,1519854,0
2021/01/05,2747,2773,2742,2765,620639,1550599,0
2021/01/06,2771,2792,2767,2781,627342,1579551,0
2021/01/07,2787,2805,2785,2800,665604,1557233,0
2021/01/08,2803,2830,2797,2828,839888,1579375,0
2021/01/11,2836,2901,2795,2830,1504974,1546100,0
2021/01/12,2839,2865,2802,2858,1005371,1564963,0
2021/01/13,2859,2915,2857,2862,1179329,1552284,0
2021/01/14,2865,2873,2822,2836,1025017,1542638,0
2021/01/15,2839,2869,2832,2858,758188,1559106,0
2021/01/18,2867,2898,2863,2872,904210,1589473,0
2021/01/19,2876,2887,2844,2859,813832,1587687,0
2021/01/20,2861,2864,2824,2834,843055,1566389,0
2021/01/21,2833,2861,2831,2839,737604,1565222,0
2021/01/22,2837,2849,2797,2812,1069139,1554989,0
2021/01/25,2814,2827,2747,2766,1260038,1525957,0
2021/01/26,2767,2784,2758,2767,667562,1524490,0
2021/01/27,2775,2789,2751,2760,929069,1541575,0
2021/01/28,2762,2769,2723,2725,979786,1553574,0
2021/01/29,2732,2736,2704,2709,860790,1572159,0
2021/02/01,2714,2771,2711,2769,1034995,1565376,0
2021/02/02,2762,2767,2748,2760,582123,1570382,0
2021/02/03,2753,2776,2738,2769,714457,1557121,0
2021/02/04,2762,2781,2758,2776,627648,1556755,0
2021/02/05,2773,2809,2772,2809,701510,1584668,0
2021/02/08,2809,2819,2747,2752,1129480,1533017,0
2021/02/09,2755,2772,2751,2765,622140,1519092,0
2021/02/10,2776,2779,2760,2763,575981,1478722,0
2021/02/18,2774,2818,2761,2815,767599,1495573,0
2021/02/19,2810,2823,2781,2803,897573,1508730,0
2021/02/22,2809,2843,2767,2787,1640032,1426125,0
2021/02/23,2792,2793,2748,2776,1274967,1400095,0
2021/02/24,2783,2800,2758,2795,976526,1415606,0
2021/02/25,2793,2822,2789,2809,1094839,1402195,0
2021/02/26,2807,2813,2760,2762,1156465,1354828,0
2021/03/01,2763,2794,2757,2771,867574,1319358,0
2021/03/02,2774,2779,2743,2762,775201,1302115,0
2021/03/03,2764,2773,2746,2747,637699,1303022,0
2021/03/04,2745,2751,2731,2739,725103,1292217,0
2021/03/05,2743,2799,2741,2797,1122021,1256832,0
2021/03/08,2791,2804,2777,2797,854950,1224201,0
2021/03/09,2784,2787,2749,2751,862702,1149488,0
2021/03/10,2750,2752,2700,2702,1177426,1211923,0
2021/03/11,2711,2715,2686,2700,893554,1215401,0
2021/03/12,2706,2717,2657,2703,1245238,1220441,0
2021/03/15,2704,2706,2662,2698,807690,1194930,0
2021/03/16,2695,2714,2684,2701,693286,1178751,0
2021/03/17,2701,2724,2684,2690,814074,1174535,0
2021/03/18,2681,2696,2669,2682,706360,1183371,0
2021/03/19,2678,2695,2675,2689,619544,1186071,0
